22 serialization::archive 17 0 0 0 0.000000000e+00 0.000000000e+00 0.000000000e+00 0 0 0.000000000e+00 0.000000000e+00 0.000000000e+00 1.000000000e+00 1.000000000e+00 1.000000000e+00 1.000000000e+00 -1 0 5 1 1.909190979e+02 3.557044983e+00 0.000000000e+00 0.000000000e+00 0.000000000e+00 0.000000000e+00 1.000000000e+00 6.000000000e+00 6.000000000e+00 6.000000000e+00 0 4 226969208628627968 1 0
0 7578320930438095478 1 0
1 0 0 8128736703838043503 1 0
2 0 0 0 9328246355543747823 1 0
3 0 0 6 0 0 4 0 2 -9.344184875e+01 3.525351715e+01 0.000000000e+00 0.000000000e+00 0.000000000e+00 0.000000000e+00 1.000000000e+00 6.000000000e+00 6.000000000e+00 6.000000000e+00 0 3 226969208628627968
4 8128736703838043503
5 0 9328246355543747823
6 6 4 0 3 4.501465607e+01 -1.577342033e+01 0.000000000e+00 0.000000000e+00 0.000000000e+00 0.000000000e+00 1.000000000e+00 6.000000000e+00 6.000000000e+00 6.000000000e+00 0 3 226969208628627968
7 8128736703838043503
8 0 9328246355543747823
9 6 4 0 4 6.142337799e+01 7.092900848e+01 0.000000000e+00 0.000000000e+00 0.000000000e+00 0.000000000e+00 1.000000000e+00 6.000000000e+00 6.000000000e+00 6.000000000e+00 0 3 226969208628627968
10 8128736703838043503
11 0 9328246355543747823
12 6 4 0 5 1.824631195e+02 8.357785034e+01 0.000000000e+00 0.000000000e+00 0.000000000e+00 0.000000000e+00 1.000000000e+00 6.000000000e+00 6.000000000e+00 6.000000000e+00 0 3 226969208628627968
13 8128736703838043503
14 0 9328246355543747823
15 6 4 0
